minstep=1.00000e-14;
zchyst=1.00000e-12;
derdelta=1.00000e-08;
symdiff=1;
nodesize=10000;
it=0.00000e+00;
ft=5.00000e+00;
sol="QSS3";
dqmin=(1.00000e-03);
dqrel=(1.00000e-03);
